start,end,rows
2023-04-03 06:33:48+00:00,2023-04-03 07:11:00+00:00,2233
